000000000000000000000000000000
011111111111111111111111111110
011111111111111111111111111110
011111111111111111111111111110
011111111111111111111111111110
011111111000000000001111111110
011111111111111111111111111110
011111111111111111111111111110
011100000000000000000000111110
011111111111111111111111111110
011111111111111111111111111110
011111111111111111111111111110
011111111111111111111111111110
011111111111111111111111111110
011111111111111111111111111110
011111111111111111111111111110
011111116666666666666611111110
011111111111111111113111111110
011111111111111111113111111110
011111111111111111113111111110
011111111333333333333111111110
011111111111111111111111111110
011111111111111111111111111110
011111111131111111111111111110
011111111111111111111111111110
011111111111111111111111111110
011111111111111111111111111110
011111111111111111111111111110
011111111111111111111111111110
000000000000000000000000000000